1. Intro

01001000 01101111 01110111 00100000 
01100100 01101111 00100000 01111001 
01101111 01110101 00100000 01101101 
01100001 01101011 01100101 

00100000 01100001 00100000 01110100 
01101001 01110011 01110011 01110101 
01100101 00100000 01100100 01100001 
01101110 01100011 01100101 00111111

01011001 01101111 01110101 00100000 
01110000 01110101 01110100 00100000 
01100001 00100000 01101100 01101001 
01110100 01110100 01101100 01100101 

00100000 01100010 01101111 01101111 
01100111 01101001 01100101 00100000 
01101001 01101110 00100000 01101001 
01110100 00101110

01001000 01000001 00100000 01001000 
01000001 00100000 01001000 01000001

48 6f 77 20 
64 6f 20 79 
6f 75 20 6d 
61 6b 65 

20 61 20 74 
69 73 73 75 
65 20 64 61 
6e 63 65 3f

59 6f 75 20
70 75 74 20 
61 20 6c 69 
74 74 6c 65 

20 62 6f 6f 
67 69 65 20 
69 6e 20 69 
74 2e

48 41 20 48 
41 20 48 41

How do
 you make

 a tissue
 dance?

You put a
 little

 boogie
 in it.

HA HA HA
